         Height Conversion Table         
   feet    |   inches   ||     cm    
=====================================
         4 |         10 ||     147.32
         4 |         11 ||     149.86
         5 |          0 ||     152.40
         5 |          1 ||     154.94
         5 |          2 ||     157.48
         5 |          3 ||     160.02
         5 |          4 ||     162.56
         5 |          5 ||     165.10
         5 |          6 ||     167.64
         5 |          7 ||     170.18
         5 |          8 ||     172.72
         5 |          9 ||     175.26
         5 |         10 ||     177.80
         5 |         11 ||     180.34
         6 |          0 ||     182.88
         6 |          1 ||     185.42
         6 |          2 ||     187.96
